1481069678551
1481069678881
1481069678882
1481069679093
1481069679095
1481069679307
1481069679308
1481069679452
1481069679453
1481069679597
1481069679599
1481069679851
1481069679852
1481069680040
1481069680041
1481069680252
1481069680253
1481069680424
1481069680425
1481069680569
1481069680570
1481069680821
1481069680821
1481069680964
1481069680965
1481069681110
1481069681112
1481069681255
1481069681257
1481069681435
1481069681436
1481069681581
1481069681581
1481069681737
1481069681738
1481069681915
1481069681916
1481069682127
1481069682128
1481069682284
1481069682285
1481069682431
1481069682432
1481069682574
1481069682574
1481069682716
1481069682717
1481069682861
1481069682861
1481069683005
1481069683006
1481069683148
1481069683149
1481069683291
1481069683291
1481069683436
1481069683437
1481069683580
1481069683581
1481069683723
1481069683723
1481069683865
1481069683866
1481069684008
1481069684009
1481069684151
1481069684151
1481069684293
1481069684294
1481069684438
1481069684438
1481069684581
1481069684581
1481069684723
1481069684724
1481069684868
1481069684869
1481069685010
1481069685011
1481069685154
1481069685155
1481069685298
1481069685300
1481069685443
1481069685444
1481069685585
1481069685586
1481069685728
1481069685729
1481069685871
1481069685872
1481069686013
1481069686014
1481069686155
1481069686156
1481069686297
1481069686298
1481069686439
1481069686440
1481069686581
1481069686582
1481069686723
1481069686724
1481069686866
1481069686867
1481069687010
1481069687011
1481069687157
1481069687157
1481069687300
1481069687301
1481069687444
1481069687445
1481069687586
1481069687587
1481069687729
1481069687730
1481069687873
1481069687874
1481069688017
1481069688018
1481069688160
1481069688161
1481069688303
1481069688304
1481069688445
1481069688446
1481069688588
1481069688588
1481069688730
1481069688731
1481069688882
1481069688884
1481069689026
1481069689027
1481069689171
1481069689172
1481069689314
1481069689315
1481069689460
1481069689461
1481069689609
1481069689612
1481069689757
1481069689757
1481069689899
1481069689900
1481069690041
1481069690041
1481069690184
1481069690185
1481069690327
1481069690327
1481069690470
1481069690471
1481069690615
1481069690616
1481069690757
1481069690758
1481069690901
1481069690901
1481069691044
1481069691044
1481069691190
1481069691191
1481069691338
1481069691340
1481069691531
1481069691531
1481069691672
1481069691673
1481069691814
1481069691815
1481069691956
1481069691957
1481069692098
1481069692099
1481069692240
1481069692241
1481069692382
1481069692382
1481069692524
1481069692524
1481069692666
1481069692666
1481069692811
1481069692812
1481069692954
1481069692954
1481069693096
1481069693097
1481069693245
1481069693246
1481069693387
1481069693388
1481069693529
1481069693530
1481069693672
1481069693673
1481069693814
1481069693815
1481069693956
1481069693957
1481069694107
1481069694108
1481069694249
1481069694250
1481069694393
1481069694394
1481069694536
1481069694537
1481069694678
1481069694679
1481069694820
1481069694821
1481069694962
1481069694963
1481069695108
1481069695108
1481069695250
1481069695250
1481069695393
1481069695394
1481069695536
1481069695536
1481069695688
1481069695690
1481069695833
1481069695834
1481069695975
1481069695977
1481069696119
