sent change: 1481069961376
1481069961587
1481069961588
1481069961861
1481069961862
1481069962074
1481069962075
1481069962225
1481069962226
1481069962412
1481069962413
1481069962612
1481069962613
1481069962823
1481069962824
1481069963035
1481069963036
1481069963186
1481069963187
1481069963329
1481069963331
1481069963473
1481069963474
1481069963651
1481069963652
1481069963796
1481069963797
1481069963977
1481069963978
1481069964120
1481069964121
1481069964300
1481069964301
1481069964458
1481069964459
1481069964628
1481069964628
1481069964774
1481069964774
1481069964916
1481069964917
1481069965059
1481069965059
1481069965200
1481069965201
1481069965343
1481069965344
1481069965488
1481069965489
1481069965634
1481069965635
1481069965787
1481069965789
1481069965938
1481069965938
1481069966080
1481069966081
1481069966223
1481069966224
1481069966369
1481069966370
1481069966511
1481069966513
1481069966655
1481069966655
1481069966798
1481069966799
1481069966939
1481069966940
1481069967081
1481069967082
1481069967224
1481069967225
1481069967366
1481069967367
1481069967515
1481069967517
1481069967699
1481069967700
1481069967856
1481069967856
1481069968002
1481069968003
1481069968148
1481069968150
1481069968292
1481069968293
1481069968434
1481069968435
1481069968577
1481069968578
1481069968721
1481069968722
1481069968863
1481069968863
1481069969005
1481069969006
1481069969148
1481069969148
1481069969293
1481069969293
1481069969437
1481069969438
1481069969579
1481069969580
1481069969722
1481069969722
1481069969864
1481069969865
1481069970006
1481069970007
1481069970154
1481069970156
1481069970299
1481069970300
1481069970441
1481069970442
1481069970583
1481069970584
1481069970725
1481069970726
1481069970869
1481069970869
1481069971011
1481069971011
1481069971163
1481069971164
1481069971310
1481069971312
1481069971459
1481069971460
1481069971609
1481069971611
1481069971754
1481069971755
1481069971898
1481069971899
1481069972041
1481069972042
1481069972184
1481069972185
1481069972328
1481069972329
1481069972476
1481069972478
1481069972620
1481069972621
1481069972762
1481069972763
1481069972905
1481069972906
1481069973058
1481069973061
1481069973206
1481069973207
1481069973348
1481069973349
1481069973493
1481069973494
1481069973636
1481069973637
1481069973781
1481069973781
1481069973923
1481069973924
1481069974076
1481069974076
1481069974219
1481069974221
1481069974366
1481069974367
1481069974509
1481069974510
1481069974652
1481069974653
1481069974794
1481069974795
1481069974936
1481069974937
1481069975078
