sent change: 1481073131646
1481073131767
1481073131769
1481073131776
1481073131777
1481073131783
1481073131784
1481073131791
1481073131792
1481073131802
1481073131802
1481073131810
1481073131811
1481073131824
1481073131838
1481073131869
1481073131869
1481073131878
1481073131922
1481073131933
1481073131934
1481073131946
1481073131946
1481073131954
1481073132036
1481073132044
1481073132044
1481073132091
1481073132091
1481073132102
1481073132102
1481073132112
1481073132113
1481073132120
1481073132121
1481073132137
1481073132216
1481073132224
1481073132231
1481073132240
1481073132241
1481073132249
1481073132250
1481073132257
1481073132319
1481073132329
1481073132330
1481073132337
1481073132439
1481073132447
1481073132447
1481073132456
1481073132468
1481073132476
1481073132477
1481073132485
1481073132485
1481073132494
1481073132555
1481073132564
1481073132627
1481073132633
1481073132633
1481073132640
1481073132675
1481073132685
1481073132692
1481073132698
1481073132757
1481073132764
1481073132765
1481073132774
1481073132777
1481073132813
1481073132877
1481073132884
1481073132918
1481073132925
1481073132961
1481073132966
1481073133017
1481073133038
1481073133039
1481073133050
1481073133050
1481073133067
1481073133067
1481073133082
1481073133152
1481073133209
1481073133210
1481073133217
1481073133218
1481073133224
1481073133225
1481073133234
1481073133235
1481073133252
1481073133274
1481073133283
1481073133302
1481073133308
1481073133309
1481073133315
1481073133514
1481073133523
1481073133606
1481073133613
1481073133630
1481073133636
1481073133637
1481073133642
1481073133723
1481073133732
1481073133746
1481073133766
1481073133767
1481073133776
1481073133853
1481073133859
1481073133860
1481073133866
1481073133866
1481073133873
1481073133965
1481073133973
1481073134002
1481073134012
1481073134017
1481073134023
1481073134098
1481073134107
1481073134154
1481073134162
1481073134162
1481073134170
1481073134170
1481073134230
1481073134231
1481073134286
1481073134289
1481073134296
1481073134298
1481073134321
1481073134321
1481073134328
1481073134328
1481073134336
1481073134576
1481073134583
