sent change: 1481072904155
1481072904165
1481072904167
1481072904175
1481072904188
1481072904197
1481072904198
1481072904205
1481072904253
1481072904259
1481072904260
1481072904266
1481072904312
1481072904322
1481072904322
1481072904330
1481072904387
1481072904401
1481072904401
1481072904418
1481072904419
1481072904431
1481072904432
1481072904438
1481072904469
1481072904507
1481072904508
1481072904514
1481072904514
1481072904519
1481072904593
1481072904609
1481072904610
1481072904619
1481072904620
1481072904631
1481072904666
1481072904677
1481072904693
1481072904699
1481072904703
1481072904709
1481072904781
1481072904790
1481072904791
1481072904799
1481072904800
1481072904807
1481072904882
1481072904890
1481072904905
1481072904915
1481072904969
1481072904975
1481072904980
1481072904990
1481072904991
1481072904997
1481072905057
1481072905063
1481072905073
1481072905078
1481072905079
1481072905087
1481072905137
1481072905145
1481072905212
1481072905218
1481072905254
1481072905260
1481072905264
1481072905273
1481072905277
1481072905283
1481072905346
1481072905379
1481072905440
1481072905445
1481072905499
1481072905506
1481072905507
1481072905515
1481072905525
1481072905532
1481072905537
1481072905546
1481072905630
1481072905636
1481072905650
1481072905657
1481072905661
1481072905667
1481072905667
1481072905674
1481072905675
1481072905680
1481072905735
1481072905743
1481072905758
1481072905763
1481072905846
1481072905897
1481072905897
1481072905921
1481072905921
1481072905927
1481072905934
1481072905940
1481072905975
1481072905980
1481072905988
1481072905997
1481072906034
1481072906043
1481072906045
1481072906082
1481072906082
1481072906111
1481072906112
1481072906118
1481072906119
1481072906176
1481072906176
1481072906183
1481072906198
1481072906205
1481072906246
1481072906261
1481072906262
1481072906291
1481072906329
1481072906335
1481072906338
1481072906343
1481072906344
1481072906354
1481072906354
1481072906359
1481072906435
1481072906443
1481072906443
1481072906448
1481072906534
1481072906542
1481072906602
1481072906607
1481072906623
1481072906635
1481072906635
1481072906640
1481072906686
1481072906736
1481072906736
1481072906774
1481072906810
1481072906820
1481072906820
1481072906826
1481072906827
1481072906833
1481072906834
1481072906841
1481072906842
1481072906847
1481072906847
1481072906853
1481072906902
1481072906909
1481072906909
1481072906914
1481072906987
1481072907056
1481072907056
1481072907076
1481072907076
1481072907087
1481072907087
1481072907095
1481072907095
1481072907102
1481072907102
1481072907115
