sent change: 1481069959717
1481069959791
1481069959793
1481069959801
1481069959898
1481069959906
1481069959953
1481069959958
1481069960062
1481069960088
1481069960088
1481069960110
1481069960134
1481069960141
1481069960282
1481069960311
1481069960312
1481069960319
1481069960320
1481069960326
1481069960327
1481069960341
1481069960437
1481069960446
1481069960454
1481069960459
1481069960611
1481069960618
1481069960716
1481069960722
1481069960871
1481069960878
1481069961027
1481069961035
1481069961036
1481069961044
1481069961044
1481069961054
1481069961218
1481069961224
1481069961225
1481069961234
1481069961368
1481069961375
1481069961376
1481069961382
1481069961527
1481069961536
1481069961683
1481069961689
1481069961835
1481069961842
1481069962000
1481069962006
1481069962182
1481069962188
1481069962335
1481069962341
1481069962347
1481069962357
1481069962513
1481069962544
1481069962545
1481069962557
1481069962716
1481069962722
1481069962887
1481069962893
